0 2.52231
0.001 2.54612
0.002 2.5699
0.003 2.59366
0.004 2.61739
0.005 2.64108
0.006 2.66475
0.007 2.68837
0.008 2.71195
0.009 2.73548
0.01 2.75896
0.011 2.78239
0.012 2.80576
0.013 2.82907
0.014 2.85232
0.015 2.8755
0.016 2.8986
0.017 2.92164
0.018 2.94459
0.019 2.96746
0.02 2.99025
0.021 3.01295
0.022 3.03556
0.023 3.05808
0.024 3.08049
0.025 3.10281
0.026 3.12502
0.027 3.14713
0.028 3.16912
0.029 3.19101
0.03 3.21277
0.031 3.23442
0.032 3.25595
0.033 3.27735
0.034 3.29863
0.035 3.31977
0.036 3.34079
0.037 3.36167
0.038 3.38241
0.039 3.40301
0.04 3.42348
0.041 3.44379
0.042 3.46396
0.043 3.48398
0.044 3.50386
0.045 3.52357
0.046 3.54314
0.047 3.56254
0.048 3.58179
0.049 3.60087
0.05 3.6198
0.051 3.63856
0.052 3.65715
0.053 3.67558
0.054 3.69383
0.055 3.71192
0.056 3.72984
0.057 3.74758
0.058 3.76514
0.059 3.78254
0.06 3.79975
0.061 3.81679
0.062 3.83365
0.063 3.85032
0.064 3.86682
0.065 3.88313
0.066 3.89927
0.067 3.91522
0.068 3.93098
0.069 3.94656
0.07 3.96196
0.071 3.97717
0.072 3.9922
0.073 4.00704
0.074 4.02169
0.075 4.03616
0.076 4.05044
0.077 4.06453
0.078 4.07844
0.079 4.09215
0.08 4.10569
0.081 4.11903
0.082 4.13219
0.083 4.14516
0.084 4.15795
0.085 4.17055
0.086 4.18297
0.087 4.1952
0.088 4.20724
0.089 4.2191
0.09 4.23078
0.091 4.24228
0.092 4.25359
0.093 4.26473
0.094 4.27568
0.095 4.28645
0.096 4.29704
0.097 4.30746
0.098 4.3177
0.099 4.32776
0.1 4.33765
0.101 4.34736
0.102 4.3569
0.103 4.36627
0.104 4.37547
0.105 4.38449
0.106 4.39335
0.107 4.40205
0.108 4.41057
0.109 4.41894
0.11 4.42713
0.111 4.43517
0.112 4.44305
0.113 4.45077
0.114 4.45833
0.115 4.46573
0.116 4.47298
0.117 4.48007
0.118 4.48702
0.119 4.49381
0.12 4.50046
0.121 4.50696
0.122 4.51331
0.123 4.51952
0.124 4.52559
0.125 4.53151
0.126 4.5373
0.127 4.54295
0.128 4.54847
0.129 4.55385
0.13 4.5591
0.131 4.56421
0.132 4.5692
0.133 4.57406
0.134 4.5788
0.135 4.58341
0.136 4.5879
0.137 4.59227
0.138 4.59652
0.139 4.60066
0.14 4.60467
0.141 4.60858
0.142 4.61237
0.143 4.61605
0.144 4.61963
0.145 4.62309
0.146 4.62646
0.147 4.62971
0.148 4.63287
0.149 4.63593
0.15 4.63888
0.151 4.64175
0.152 4.64451
0.153 4.64718
0.154 4.64976
0.155 4.65225
0.156 4.65466
0.157 4.65697
0.158 4.6592
0.159 4.66134
0.16 4.66341
0.161 4.66539
0.162 4.66729
0.163 4.66911
0.164 4.67086
0.165 4.67254
0.166 4.67414
0.167 4.67567
0.168 4.67712
0.169 4.67851
0.17 4.67983
0.171 4.68109
0.172 4.68228
0.173 4.68341
0.174 4.68447
0.175 4.68548
0.176 4.68642
0.177 4.68731
0.178 4.68814
0.179 4.68892
0.18 4.68964
0.181 4.69031
0.182 4.69092
0.183 4.69149
0.184 4.69201
0.185 4.69247
0.186 4.6929
0.187 4.69327
0.188 4.6936
0.189 4.69389
0.19 4.69413
0.191 4.69434
0.192 4.6945
0.193 4.69462
0.194 4.69471
0.195 4.69476
0.196 4.69477
0.197 4.69474
0.198 4.69468
0.199 4.69459
0.2 4.69447
0.201 4.69431
0.202 4.69412
0.203 4.6939
0.204 4.69366
0.205 4.69338
0.206 4.69308
0.207 4.69275
0.208 4.69239
0.209 4.69201
0.21 4.69161
0.211 4.69118
0.212 4.69073
0.213 4.69025
0.214 4.68976
0.215 4.68924
0.216 4.68871
0.217 4.68815
0.218 4.68757
0.219 4.68698
0.22 4.68637
0.221 4.68574
0.222 4.68509
0.223 4.68443
0.224 4.68376
0.225 4.68306
0.226 4.68236
0.227 4.68164
0.228 4.6809
0.229 4.68016
0.23 4.6794
0.231 4.67863
0.232 4.67785
0.233 4.67705
0.234 4.67625
0.235 4.67544
0.236 4.67461
0.237 4.67378
0.238 4.67294
0.239 4.67209
0.24 4.67123
0.241 4.67036
0.242 4.66948
0.243 4.6686
0.244 4.66771
0.245 4.66682
0.246 4.66592
0.247 4.66501
0.248 4.6641
0.249 4.66318
0.25 4.66226
0.251 4.66133
0.252 4.6604
0.253 4.65946
0.254 4.65852
0.255 4.65758
0.256 4.65663
0.257 4.65568
0.258 4.65472
0.259 4.65377
0.26 4.65281
0.261 4.65184
0.262 4.65088
0.263 4.64991
0.264 4.64895
0.265 4.64798
0.266 4.64701
0.267 4.64603
0.268 4.64506
0.269 4.64409
0.27 4.64311
0.271 4.64214
0.272 4.64116
0.273 4.64018
0.274 4.63921
0.275 4.63823
0.276 4.63725
0.277 4.63628
0.278 4.6353
0.279 4.63433
0.28 4.63335
0.281 4.63238
0.282 4.6314
0.283 4.63043
0.284 4.62946
0.285 4.62849
0.286 4.62752
0.287 4.62655
0.288 4.62559
0.289 4.62462
0.29 4.62366
0.291 4.62269
0.292 4.62173
0.293 4.62078
0.294 4.61982
0.295 4.61887
0.296 4.61791
0.297 4.61696
0.298 4.61602
0.299 4.61507
0.3 4.61413
0.301 4.61319
0.302 4.61225
0.303 4.61131
0.304 4.61038
0.305 4.60945
0.306 4.60852
0.307 4.60759
0.308 4.60667
0.309 4.60575
0.31 4.60483
0.311 4.60392
0.312 4.60301
0.313 4.6021
0.314 4.6012
0.315 4.60029
0.316 4.59939
0.317 4.5985
0.318 4.59761
0.319 4.59672
0.32 4.59583
0.321 4.59495
0.322 4.59407
0.323 4.5932
0.324 4.59232
0.325 4.59146
0.326 4.59059
0.327 4.58973
0.328 4.58887
0.329 4.58802
0.33 4.58717
0.331 4.58632
0.332 4.58548
0.333 4.58464
0.334 4.5838
0.335 4.58297
0.336 4.58214
0.337 4.58132
0.338 4.5805
0.339 4.57968
0.34 4.57887
0.341 4.57806
0.342 4.57726
0.343 4.57646
0.344 4.57566
0.345 4.57487
0.346 4.57408
0.347 4.5733
0.348 4.57252
0.349 4.57175
0.35 4.57098
0.351 4.57021
0.352 4.56945
0.353 4.56869
0.354 4.56794
0.355 4.56719
0.356 4.56644
0.357 4.5657
0.358 4.56496
0.359 4.56423
0.36 4.56351
0.361 4.56278
0.362 4.56207
0.363 4.56135
0.364 4.56064
0.365 4.55994
0.366 4.55924
0.367 4.55854
0.368 4.55785
0.369 4.55717
0.37 4.55649
0.371 4.55581
0.372 4.55514
0.373 4.55447
0.374 4.55381
0.375 4.55315
0.376 4.5525
0.377 4.55186
0.378 4.55121
0.379 4.55058
0.38 4.54994
0.381 4.54932
0.382 4.5487
0.383 4.54808
0.384 4.54747
0.385 4.54686
0.386 4.54626
0.387 4.54566
0.388 4.54507
0.389 4.54448
0.39 4.5439
0.391 4.54333
0.392 4.54276
0.393 4.54219
0.394 4.54163
0.395 4.54108
0.396 4.54053
0.397 4.53998
0.398 4.53945
0.399 4.53891
0.4 4.53839
0.401 4.53786
0.402 4.53735
0.403 4.53684
0.404 4.53633
0.405 4.53583
0.406 4.53534
0.407 4.53485
0.408 4.53437
0.409 4.53389
0.41 4.53342
0.411 4.53296
0.412 4.5325
0.413 4.53204
0.414 4.5316
0.415 4.53115
0.416 4.53072
0.417 4.53029
0.418 4.52987
0.419 4.52945
0.42 4.52904
0.421 4.52863
0.422 4.52823
0.423 4.52784
0.424 4.52745
0.425 4.52707
0.426 4.5267
0.427 4.52633
0.428 4.52597
0.429 4.52561
0.43 4.52526
0.431 4.52492
0.432 4.52458
0.433 4.52425
0.434 4.52393
0.435 4.52361
0.436 4.5233
0.437 4.523
0.438 4.5227
0.439 4.52241
0.44 4.52213
0.441 4.52185
0.442 4.52158
0.443 4.52131
0.444 4.52106
0.445 4.52081
0.446 4.52057
0.447 4.52033
0.448 4.5201
0.449 4.51988
0.45 4.51966
0.451 4.51946
0.452 4.51926
0.453 4.51906
0.454 4.51888
0.455 4.5187
0.456 4.51852
0.457 4.51836
0.458 4.5182
0.459 4.51805
0.46 4.51791
0.461 4.51777
0.462 4.51765
0.463 4.51753
0.464 4.51741
0.465 4.51731
0.466 4.51721
0.467 4.51712
0.468 4.51704
0.469 4.51697
0.47 4.5169
0.471 4.51684
0.472 4.51679
0.473 4.51675
0.474 4.51672
0.475 4.51669
0.476 4.51667
0.477 4.51666
0.478 4.51666
0.479 4.51666
0.48 4.51668
0.481 4.5167
0.482 4.51673
0.483 4.51677
0.484 4.51682
0.485 4.51687
0.486 4.51694
0.487 4.51701
0.488 4.51709
0.489 4.51718
0.49 4.51728
0.491 4.51739
0.492 4.5175
0.493 4.51763
0.494 4.51776
0.495 4.51791
0.496 4.51806
0.497 4.51822
0.498 4.51839
0.499 4.51857
0.5 4.51876
0.501 4.51895
0.502 4.51916
0.503 4.51938
0.504 4.5196
0.505 4.51984
0.506 4.52008
0.507 4.52033
0.508 4.5206
0.509 4.52087
0.51 4.52115
0.511 4.52144
0.512 4.52175
0.513 4.52206
0.514 4.52238
0.515 4.52271
0.516 4.52305
0.517 4.5234
0.518 4.52377
0.519 4.52414
0.52 4.52452
0.521 4.52491
0.522 4.52531
0.523 4.52573
0.524 4.52615
0.525 4.52658
0.526 4.52703
0.527 4.52748
0.528 4.52795
0.529 4.52843
0.53 4.52891
0.531 4.52941
0.532 4.52992
0.533 4.53044
0.534 4.53097
0.535 4.53151
0.536 4.53207
0.537 4.53263
0.538 4.53321
0.539 4.53379
0.54 4.53439
0.541 4.535
0.542 4.53562
0.543 4.53626
0.544 4.5369
0.545 4.53756
0.546 4.53823
0.547 4.53891
0.548 4.5396
0.549 4.5403
0.55 4.54102
0.551 4.54175
0.552 4.54249
0.553 4.54324
0.554 4.54401
0.555 4.54479
0.556 4.54558
0.557 4.54638
0.558 4.54719
0.559 4.54802
0.56 4.54886
0.561 4.54972
0.562 4.55058
0.563 4.55146
0.564 4.55236
0.565 4.55326
0.566 4.55418
0.567 4.55512
0.568 4.55606
0.569 4.55702
0.57 4.55799
0.571 4.55898
0.572 4.55998
0.573 4.561
0.574 4.56203
0.575 4.56307
0.576 4.56412
0.577 4.56519
0.578 4.56628
0.579 4.56738
0.58 4.56849
0.581 4.56962
0.582 4.57076
0.583 4.57192
0.584 4.57309
0.585 4.57428
0.586 4.57548
0.587 4.5767
0.588 4.57793
0.589 4.57918
0.59 4.58044
0.591 4.58172
0.592 4.58301
0.593 4.58432
0.594 4.58565
0.595 4.58699
0.596 4.58834
0.597 4.58971
0.598 4.5911
0.599 4.59251
0.6 4.59393
0.601 4.59537
0.602 4.59682
0.603 4.59829
0.604 4.59978
0.605 4.60128
0.606 4.6028
0.607 4.60434
0.608 4.60589
0.609 4.60746
0.61 4.60905
0.611 4.61066
0.612 4.61228
0.613 4.61393
0.614 4.61558
0.615 4.61726
0.616 4.61896
0.617 4.62067
0.618 4.6224
0.619 4.62415
0.62 4.62592
0.621 4.62771
0.622 4.62951
0.623 4.63134
0.624 4.63318
0.625 4.63504
0.626 4.63692
0.627 4.63882
0.628 4.64074
0.629 4.64268
0.63 4.64464
0.631 4.64662
0.632 4.64862
0.633 4.65064
0.634 4.65268
0.635 4.65474
0.636 4.65682
0.637 4.65892
0.638 4.66104
0.639 4.66318
0.64 4.66534
0.641 4.66752
0.642 4.66973
0.643 4.67196
0.644 4.6742
0.645 4.67647
0.646 4.67876
0.647 4.68108
0.648 4.68341
0.649 4.68577
0.65 4.68815
0.651 4.69055
0.652 4.69298
0.653 4.69542
0.654 4.6979
0.655 4.70039
0.656 4.70291
0.657 4.70545
0.658 4.70801
0.659 4.7106
0.66 4.71321
0.661 4.71585
0.662 4.71851
0.663 4.72119
0.664 4.7239
0.665 4.72664
0.666 4.72939
0.667 4.73218
0.668 4.73499
0.669 4.73782
0.67 4.74068
0.671 4.74357
0.672 4.74648
0.673 4.74942
0.674 4.75238
0.675 4.75537
0.676 4.75839
0.677 4.76144
0.678 4.76451
0.679 4.76761
0.68 4.77073
0.681 4.77388
0.682 4.77707
0.683 4.78028
0.684 4.78351
0.685 4.78678
0.686 4.79007
0.687 4.7934
0.688 4.79675
0.689 4.80013
0.69 4.80354
0.691 4.80698
0.692 4.81045
0.693 4.81395
0.694 4.81748
0.695 4.82105
0.696 4.82464
0.697 4.82826
0.698 4.83191
0.699 4.8356
0.7 4.83932
0.701 4.84306
0.702 4.84684
0.703 4.85066
0.704 4.8545
0.705 4.85838
0.706 4.86229
0.707 4.86624
0.708 4.87021
0.709 4.87422
0.71 4.87827
0.711 4.88235
0.712 4.88646
0.713 4.89061
0.714 4.8948
0.715 4.89901
0.716 4.90327
0.717 4.90756
0.718 4.91188
0.719 4.91625
0.72 4.92065
0.721 4.92508
0.722 4.92955
0.723 4.93406
0.724 4.93861
0.725 4.9432
0.726 4.94782
0.727 4.95248
0.728 4.95718
0.729 4.96192
0.73 4.9667
0.731 4.97152
0.732 4.97638
0.733 4.98128
0.734 4.98622
0.735 4.9912
0.736 4.99622
0.737 5.00129
0.738 5.00639
0.739 5.01154
0.74 5.01673
0.741 5.02196
0.742 5.02724
0.743 5.03256
0.744 5.03792
0.745 5.04333
0.746 5.04878
0.747 5.05428
0.748 5.05982
0.749 5.0654
0.75 5.07104
0.751 5.07672
0.752 5.08244
0.753 5.08822
0.754 5.09404
0.755 5.09991
0.756 5.10582
0.757 5.11179
0.758 5.1178
0.759 5.12386
0.76 5.12998
0.761 5.13614
0.762 5.14235
0.763 5.14862
0.764 5.15493
0.765 5.1613
0.766 5.16772
0.767 5.17419
0.768 5.18072
0.769 5.1873
0.77 5.19393
0.771 5.20061
0.772 5.20736
0.773 5.21415
0.774 5.221
0.775 5.22791
0.776 5.23488
0.777 5.2419
0.778 5.24898
0.779 5.25612
0.78 5.26331
0.781 5.27057
0.782 5.27788
0.783 5.28525
0.784 5.29269
0.785 5.30018
0.786 5.30774
0.787 5.31536
0.788 5.32304
0.789 5.33078
0.79 5.33859
0.791 5.34646
0.792 5.3544
0.793 5.3624
0.794 5.37047
0.795 5.3786
0.796 5.3868
0.797 5.39507
0.798 5.40341
0.799 5.41181
0.8 5.42029
0.801 5.42883
0.802 5.43745
0.803 5.44613
0.804 5.45489
0.805 5.46372
0.806 5.47262
0.807 5.4816
0.808 5.49065
0.809 5.49977
0.81 5.50897
0.811 5.51825
0.812 5.5276
0.813 5.53703
0.814 5.54654
0.815 5.55613
0.816 5.5658
0.817 5.57555
0.818 5.58537
0.819 5.59529
0.82 5.60528
0.821 5.61536
0.822 5.62552
0.823 5.63576
0.824 5.64609
0.825 5.65651
0.826 5.66702
0.827 5.67761
0.828 5.68829
0.829 5.69906
0.83 5.70992
0.831 5.72088
0.832 5.73192
0.833 5.74306
0.834 5.75429
0.835 5.76562
0.836 5.77704
0.837 5.78856
0.838 5.80017
0.839 5.81189
0.84 5.8237
0.841 5.83561
0.842 5.84763
0.843 5.85974
0.844 5.87196
0.845 5.88429
0.846 5.89672
0.847 5.90925
0.848 5.92189
0.849 5.93464
0.85 5.9475
0.851 5.96047
0.852 5.97355
0.853 5.98674
0.854 6.00005
0.855 6.01347
0.856 6.027
0.857 6.04065
0.858 6.05443
0.859 6.06831
0.86 6.08232
0.861 6.09646
0.862 6.11071
0.863 6.12509
0.864 6.13959
0.865 6.15422
0.866 6.16897
0.867 6.18386
0.868 6.19888
0.869 6.21402
0.87 6.2293
0.871 6.24472
0.872 6.26027
0.873 6.27595
0.874 6.29178
0.875 6.30774
0.876 6.32385
0.877 6.3401
0.878 6.35649
0.879 6.37303
0.88 6.38971
0.881 6.40654
0.882 6.42353
0.883 6.44066
0.884 6.45795
0.885 6.47539
0.886 6.49299
0.887 6.51075
0.888 6.52867
0.889 6.54675
0.89 6.56499
0.891 6.5834
0.892 6.60198
0.893 6.62072
0.894 6.63963
0.895 6.65872
0.896 6.67798
0.897 6.69741
0.898 6.71703
0.899 6.73682
0.9 6.75679
0.901 6.77695
0.902 6.7973
0.903 6.81783
0.904 6.83855
0.905 6.85946
0.906 6.88057
0.907 6.90188
0.908 6.92338
0.909 6.94508
0.91 6.96699
0.911 6.9891
0.912 7.01142
0.913 7.03394
0.914 7.05669
0.915 7.07964
0.916 7.10281
0.917 7.1262
0.918 7.14982
0.919 7.17365
0.92 7.19772
0.921 7.22201
0.922 7.24654
0.923 7.2713
0.924 7.2963
0.925 7.32154
0.926 7.34703
0.927 7.37276
0.928 7.39874
0.929 7.42497
0.93 7.45145
0.931 7.4782
0.932 7.5052
0.933 7.53247
0.934 7.56001
0.935 7.58782
0.936 7.6159
0.937 7.64426
0.938 7.6729
0.939 7.70182
0.94 7.73104
0.941 7.76054
0.942 7.79033
0.943 7.82043
0.944 7.85083
0.945 7.88153
0.946 7.91254
0.947 7.94386
0.948 7.97551
0.949 8.00747
0.95 8.03976
0.951 8.07237
0.952 8.10532
0.953 8.13861
0.954 8.17224
0.955 8.20621
0.956 8.24054
0.957 8.27522
0.958 8.31026
0.959 8.34567
0.96 8.38144
0.961 8.41759
0.962 8.45412
0.963 8.49103
0.964 8.52832
0.965 8.56602
0.966 8.60411
0.967 8.6426
0.968 8.68151
0.969 8.72083
0.97 8.76057
0.971 8.80074
0.972 8.84133
0.973 8.88237
0.974 8.92385
0.975 8.96578
0.976 9.00816
0.977 9.05101
0.978 9.09433
0.979 9.13812
0.98 9.18239
0.981 9.22715
0.982 9.2724
0.983 9.31816
0.984 9.36442
0.985 9.4112
0.986 9.45851
0.987 9.50634
0.988 9.55471
0.989 9.60363
0.99 9.6531
0.991 9.70313
0.992 9.75374
0.993 9.80492
0.994 9.85668
0.995 9.90904
0.996 9.962
0.997 10.0156
0.998 10.0698
0.999 10.1246
1 10.1801
1.001 10.2362
1.002 10.293
1.003 10.3504
1.004 10.4085
1.005 10.4673
1.006 10.5268
1.007 10.5871
1.008 10.648
1.009 10.7097
1.01 10.7721
1.011 10.8352
1.012 10.8992
1.013 10.9639
1.014 11.0294
1.015 11.0957
1.016 11.1628
1.017 11.2307
1.018 11.2995
1.019 11.3692
1.02 11.4397
1.021 11.5111
1.022 11.5833
1.023 11.6565
1.024 11.7307
1.025 11.8057
1.026 11.8817
1.027 11.9587
1.028 12.0367
1.029 12.1157
1.03 12.1957
1.031 12.2767
1.032 12.3588
1.033 12.4419
1.034 12.5262
1.035 12.6115
1.036 12.698
1.037 12.7856
1.038 12.8744
1.039 12.9644
1.04 13.0556
1.041 13.148
1.042 13.2417
1.043 13.3366
1.044 13.4328
1.045 13.5304
1.046 13.6292
1.047 13.7295
1.048 13.8311
1.049 13.9341
1.05 14.0386
1.051 14.1446
1.052 14.252
1.053 14.3609
1.054 14.4714
1.055 14.5835
1.056 14.6972
1.057 14.8125
1.058 14.9294
1.059 15.0481
1.06 15.1685
1.061 15.2906
1.062 15.4146
1.063 15.5403
1.064 15.668
1.065 15.7975
1.066 15.9289
1.067 16.0624
1.068 16.1978
1.069 16.3353
1.07 16.4749
1.071 16.6166
1.072 16.7605
1.073 16.9066
1.074 17.055
1.075 17.2057
1.076 17.3587
1.077 17.5141
1.078 17.672
1.079 17.8324
1.08 17.9954
1.081 18.161
1.082 18.3292
1.083 18.5002
1.084 18.6739
1.085 18.8505
1.086 19.03
1.087 19.2124
1.088 19.3979
1.089 19.5864
1.09 19.7781
1.091 19.9731
1.092 20.1713
1.093 20.3729
1.094 20.578
1.095 20.7866
1.096 20.9988
1.097 21.2146
1.098 21.4343
1.099 21.6578
1.1 21.8853
1.101 22.1168
1.102 22.3524
1.103 22.5923
1.104 22.8365
1.105 23.0852
1.106 23.3384
1.107 23.5962
1.108 23.8588
1.109 24.1263
1.11 24.3988
1.111 24.6764
1.112 24.9593
1.113 25.2475
1.114 25.5413
1.115 25.8407
1.116 26.1459
1.117 26.4571
1.118 26.7744
1.119 27.0979
1.12 27.4279
1.121 27.7644
1.122 28.1077
1.123 28.458
1.124 28.8154
1.125 29.1801
1.126 29.5524
1.127 29.9324
1.128 30.3203
1.129 30.7164
1.13 31.1209
1.131 31.534
1.132 31.956
1.133 32.3871
1.134 32.8276
1.135 33.2777
1.136 33.7378
1.137 34.2081
1.138 34.689
1.139 35.1807
1.14 35.6835
1.141 36.1979
1.142 36.7241
1.143 37.2625
1.144 37.8136
1.145 38.3776
1.146 38.955
1.147 39.5462
1.148 40.1517
1.149 40.7719
1.15 41.4073
1.151 42.0584
1.152 42.7257
1.153 43.4097
1.154 44.111
1.155 44.8302
1.156 45.5679
1.157 46.3247
1.158 47.1012
1.159 47.8983
1.16 48.7165
1.161 49.5567
1.162 50.4196
1.163 51.3061
1.164 52.2169
1.165 53.1531
1.166 54.1155
1.167 55.1051
1.168 56.1229
1.169 57.1701
1.17 58.2477
1.171 59.357
1.172 60.4991
1.173 61.6755
1.174 62.8873
1.175 64.1362
1.176 65.4235
1.177 66.751
1.178 68.1201
1.179 69.5328
1.18 70.9909
1.181 72.4962
1.182 74.0509
1.183 75.6572
1.184 77.3173
1.185 79.0336
1.186 80.8087
1.187 82.6453
1.188 84.5462
1.189 86.5145
1.19 88.5534
1.191 90.6663
1.192 92.8567
1.193 95.1285
1.194 97.4858
1.195 99.9329
1.196 102.474
1.197 105.115
1.198 107.86
1.199 110.715
1.2 113.687
1.201 116.78
1.202 120.002
1.203 123.361
1.204 126.864
1.205 130.52
1.206 134.336
1.207 138.324
1.208 142.493
1.209 146.854
1.21 151.419
1.211 156.202
1.212 161.216
1.213 166.476
1.214 171.999
1.215 177.802
1.216 183.904
1.217 190.327
1.218 197.093
1.219 204.228
1.22 211.757
1.221 219.711
1.222 228.122
1.223 237.026
1.224 246.461
1.225 256.472
1.226 267.105
1.227 278.413
1.228 290.454
1.229 303.293
1.23 317.002
1.231 331.661
1.232 347.359
1.233 364.197
1.234 382.288
1.235 401.759
1.236 422.753
1.237 445.433
1.238 469.984
1.239 496.618
1.24 525.576
1.241 557.137
1.242 591.62
1.243 629.398
1.244 670.904
1.245 716.643
1.246 767.21
1.247 823.308
1.248 885.774
1.249 955.606
1.25 1034.01
1.251 1122.44
1.252 1222.69
1.253 1336.95
1.254 1467.96
1.255 1619.15
1.256 1794.89
1.257 2000.8
1.258 2244.17
1.259 2534.67
1.26 2885.3
1.261 3313.84
1.262 3845.2
1.263 4515.08
1.264 5376.09
1.265 6508.48
1.266 8039.44
1.267 10180.4
1.268 13304.1
1.269 18118.4
1.27 26105.1
1.271 40812.4
1.272 72597.2
1.273 163439
1.274 654140
1.274 0